//JobNo,Skill-ID,MaxLv{,BaseLvReq,JobLvReq},Prerequisite Skill-ID-1,Prerequisite Skill-ID-1-Lv,PrereqSkill-ID-2,PrereqSkill-ID-2-Lv,PrereqSkill-ID-3,PrereqSkill-ID-3-Lv,PrereqSkill-ID-4,PrereqSkill-ID-4-Lv,PrereqSkill-ID-5,PrereqSkill-ID-5-Lv//CLASS_SKILLNAME#Skill Name#

// Sky Emperor
4302,1,9,0,0,0,0,0,0,0,0,0,0,0,0 //NV_BASIC#Basic Skill#
4302,142,1,0,0,0,0,0,0,0,0,0,0,0,0 //NV_FIRSTAID#First Aid#
4302,411,10,0,0,0,0,0,0,0,0,0,0,0,0 //TK_RUN#Running#
4302,412,1,413,1,0,0,0,0,0,0,0,0,0,0 //TK_READYSTORM#Prepare Whirlwind#
4302,413,7,0,0,0,0,0,0,0,0,0,0,0,0 //TK_STORMKICK#Whirlwind Kick#
4302,414,1,415,1,0,0,0,0,0,0,0,0,0,0 //TK_READYDOWN#Prepare Axe Kick#
4302,415,7,0,0,0,0,0,0,0,0,0,0,0,0 //TK_DOWNKICK#Axe Kick#
4302,416,1,417,1,0,0,0,0,0,0,0,0,0,0 //TK_READYTURN#Prepare Round Kick#
4302,417,7,0,0,0,0,0,0,0,0,0,0,0,0 //TK_TURNKICK#Round Kick#
4302,418,1,419,1,0,0,0,0,0,0,0,0,0,0 //TK_READYCOUNTER#Prepare Counter Kick#
4302,419,7,0,0,0,0,0,0,0,0,0,0,0,0 //TK_COUNTER#Counter Kick#
4302,420,1,421,7,0,0,0,0,0,0,0,0,0,0 //TK_DODGE#Break Fall#
4302,421,7,0,0,0,0,0,0,0,0,0,0,0,0 //TK_JUMPKICK#Flying Side Kick#
4302,422,10,0,0,0,0,0,0,0,0,0,0,0,0 //TK_HPTIME#Peaceful Rest#
4302,423,10,0,0,0,0,0,0,0,0,0,0,0,0 //TK_SPTIME#Enjoyable Rest#
4302,424,5,0,0,0,0,0,0,0,0,0,0,0,0 //TK_POWER#Fighting Chant#
4302,425,7,422,5,423,5,424,5,0,0,0,0,0,0 //TK_SEVENWIND#Warm Wind#
4302,426,5,0,0,0,0,0,0,0,0,0,0,0,0 //TK_HIGHJUMP#High Jump#
4302,493,1,424,5,0,0,0,0,0,0,0,0,0,0 //TK_MISSION#Taekwon Mission#
4302,427,3,0,0,0,0,0,0,0,0,0,0,0,0 //SG_FEEL#Feeling the Sun, Moon and Stars#
4302,428,3,427,1,0,0,0,0,0,0,0,0,0,0 //SG_SUN_WARM#Warmth of the Sun#
4302,429,3,427,2,0,0,0,0,0,0,0,0,0,0 //SG_MOON_WARM#Warmth of the Moon#
4302,430,3,427,3,0,0,0,0,0,0,0,0,0,0 //SG_STAR_WARM#Warmth of the Star#
4302,431,4,427,1,0,0,0,0,0,0,0,0,0,0 //SG_SUN_COMFORT#Comfort of the Sun#
4302,432,4,427,2,0,0,0,0,0,0,0,0,0,0 //SG_MOON_COMFORT#Comfort of the Moon#
4302,433,4,427,3,0,0,0,0,0,0,0,0,0,0 //SG_STAR_COMFORT#Comfort of the Star#
4302,434,3,0,0,0,0,0,0,0,0,0,0,0,0 //SG_HATE#Hatred of the Sun, Moon and Stars#
4302,435,3,434,1,0,0,0,0,0,0,0,0,0,0 //SG_SUN_ANGER#Sun's Wrath#
4302,436,3,434,2,0,0,0,0,0,0,0,0,0,0 //SG_MOON_ANGER#Moon's Wrath#
4302,437,3,434,3,0,0,0,0,0,0,0,0,0,0 //SG_STAR_ANGER#Stars's Wrath#
4302,438,5,427,1,434,1,0,0,0,0,0,0,0,0 //SG_SUN_BLESS#Blessing of the Sun#
4302,439,5,427,2,434,2,0,0,0,0,0,0,0,0 //SG_MOON_BLESS#Blessing of the Moon#
4302,440,5,427,3,434,3,0,0,0,0,0,0,0,0 //SG_STAR_BLESS#Blessing of the Star#
4302,441,10,0,0,0,0,0,0,0,0,0,0,0,0 //SG_DEVIL#Demon of the Sun, Moon and Stars#
4302,442,3,0,0,0,0,0,0,0,0,0,0,0,0 //SG_FRIEND#Friend of the Sun, Moon and Stars#
4302,443,10,0,0,0,0,0,0,0,0,0,0,0,0 //SG_KNOWLEDGE#Knowledge of the Sun, Moon and Stars#
4302,444,1,443,9,0,0,0,0,0,0,0,0,0,0 //SG_FUSION#Union of the Sun, Moon and Stars#
4302,2574,5,2576,3,0,0,0,0,0,0,0,0,0,0 //SJ_LIGHTOFMOON##
4302,2575,3,2588,1,0,0,0,0,0,0,0,0,0,0 //SJ_LUNARSTANCE##
4302,2576,10,2579,7,0,0,0,0,0,0,0,0,0,0 //SJ_FULLMOONKICK##
4302,2577,5,2584,3,0,0,0,0,0,0,0,0,0,0 //SJ_LIGHTOFSTAR##
4302,2578,3,2588,1,0,0,0,0,0,0,0,0,0,0 //SJ_STARSTANCE##
4302,2579,7,2575,1,0,0,0,0,0,0,0,0,0,0 //SJ_NEWMOONKICK##
4302,2580,7,2578,1,0,0,0,0,0,0,0,0,0,0 //SJ_FLASHKICK##
4302,2581,5,2582,5,2583,3,0,0,0,0,0,0,0,0 //SJ_STAREMPEROR##
4302,2582,5,2583,1,0,0,0,0,0,0,0,0,0,0 //SJ_NOVAEXPLOSING##
4302,2583,3,2575,3,2578,3,2591,3,0,0,0,0,0,0 //SJ_UNIVERSESTANCE##
4302,2584,10,2580,7,0,0,0,0,0,0,0,0,0,0 //SJ_FALLINGSTAR##
4302,2585,1,2583,1,0,0,0,0,0,0,0,0,0,0 //SJ_GRAVITYCONTROL##
4302,2586,5,2581,3,2588,3,0,0,0,0,0,0,0,0 //SJ_BOOKOFDIMENSION##
4302,2587,5,2581,3,2588,3,0,0,0,0,0,0,0,0 //SJ_BOOKOFCREATINGSTAR##
4302,2588,3,427,3,434,3,0,0,0,0,0,0,0,0 //SJ_DOCUMENT##
4302,2589,1,441,10,0,0,0,0,0,0,0,0,0,0 //SJ_PURIFY##
4302,2590,5,2592,3,0,0,0,0,0,0,0,0,0,0 //SJ_LIGHTOFSUN##
4302,2591,3,2588,1,0,0,0,0,0,0,0,0,0,0 //SJ_SUNSTANCE##
4302,2592,10,2593,7,0,0,0,0,0,0,0,0,0,0 //SJ_SOLARBURST##
4302,2593,7,2591,1,0,0,0,0,0,0,0,0,0,0 //SJ_PROMINENCEKICK##
4302,410,1,0,0,0,0,0,0,0,0,0,0,0,0 //WE_CALLBABY#Call Baby#
4302,5463,10,0,0,0,0,0,0,0,0,0,0,0,0 //SKE_SKY_MASTERY##
4302,5464,10,0,0,0,0,0,0,0,0,0,0,0,0 //SKE_WAR_BOOK_MASTERY##
4302,5465,5,5463,1,0,0,0,0,0,0,0,0,0,0 //SKE_RISING_SUN##
4302,5466,5,5463,3,5465,1,0,0,0,0,0,0,0,0 //SKE_NOON_BLAST##
4302,5467,5,5463,5,5466,1,0,0,0,0,0,0,0,0 //SKE_SUNSET_BLAST##
4302,5468,5,5463,1,0,0,0,0,0,0,0,0,0,0 //SKE_RISING_MOON##
4302,5469,5,5463,3,5468,1,0,0,0,0,0,0,0,0 //SKE_MIDNIGHT_KICK##
4302,5470,5,5463,5,5469,1,0,0,0,0,0,0,0,0 //SKE_DAWN_BREAK##
4302,5471,5,5463,1,0,0,0,0,0,0,0,0,0,0 //SKE_TWINKLING_GALAXY##
4302,5472,5,5463,3,5471,1,0,0,0,0,0,0,0,0 //SKE_STAR_BURST##
4302,5473,5,5463,5,5472,1,0,0,0,0,0,0,0,0 //SKE_STAR_CANNON##
4302,5474,10,5464,5,5465,1,5468,1,0,0,0,0,0,0 //SKE_ALL_IN_THE_SKY##
4302,5475,10,5463,5,0,0,0,0,0,0,0,0,0,0 //SKE_ENCHANTING_SKY##

// Soul Ascetic
4303,1,9,0,0,0,0,0,0,0,0,0,0,0,0 //NV_BASIC#Basic Skill#
4303,142,1,0,0,0,0,0,0,0,0,0,0,0,0 //NV_FIRSTAID#First Aid#
4303,411,10,0,0,0,0,0,0,0,0,0,0,0,0 //TK_RUN#Running#
4303,412,1,413,1,0,0,0,0,0,0,0,0,0,0 //TK_READYSTORM#Prepare Whirlwind#
4303,413,7,0,0,0,0,0,0,0,0,0,0,0,0 //TK_STORMKICK#Whirlwind Kick#
4303,414,1,415,1,0,0,0,0,0,0,0,0,0,0 //TK_READYDOWN#Prepare Axe Kick#
4303,415,7,0,0,0,0,0,0,0,0,0,0,0,0 //TK_DOWNKICK#Axe Kick#
4303,416,1,417,1,0,0,0,0,0,0,0,0,0,0 //TK_READYTURN#Prepare Round Kick#
4303,417,7,0,0,0,0,0,0,0,0,0,0,0,0 //TK_TURNKICK#Round Kick#
4303,418,1,419,1,0,0,0,0,0,0,0,0,0,0 //TK_READYCOUNTER#Prepare Counter Kick#
4303,419,7,0,0,0,0,0,0,0,0,0,0,0,0 //TK_COUNTER#Counter Kick#
4303,420,1,421,7,0,0,0,0,0,0,0,0,0,0 //TK_DODGE#Break Fall#
4303,421,7,0,0,0,0,0,0,0,0,0,0,0,0 //TK_JUMPKICK#Flying Side Kick#
4303,422,10,0,0,0,0,0,0,0,0,0,0,0,0 //TK_HPTIME#Peaceful Rest#
4303,423,10,0,0,0,0,0,0,0,0,0,0,0,0 //TK_SPTIME#Enjoyable Rest#
4303,424,5,0,0,0,0,0,0,0,0,0,0,0,0 //TK_POWER#Fighting Chant#
4303,425,7,422,5,423,5,424,5,0,0,0,0,0,0 //TK_SEVENWIND#Warm Wind#
4303,426,5,0,0,0,0,0,0,0,0,0,0,0,0 //TK_HIGHJUMP#High Jump#
4303,493,1,424,5,0,0,0,0,0,0,0,0,0,0 //TK_MISSION#Taekwon Mission#
4303,445,5,0,0,0,0,0,0,0,0,0,0,0,0 //SL_ALCHEMIST#Spirit of the Alchemist#
4303,447,5,0,0,0,0,0,0,0,0,0,0,0,0 //SL_MONK#Spirit of the Monk#
4303,448,5,0,0,0,0,0,0,0,0,0,0,0,0 //SL_STAR#Spirit of the Star Knight#
4303,449,5,0,0,0,0,0,0,0,0,0,0,0,0 //SL_SAGE#Spirit of the Professor#
4303,450,5,0,0,0,0,0,0,0,0,0,0,0,0 //SL_CRUSADER#Spirit of the Crusader#
4303,451,5,0,0,0,0,0,0,0,0,0,0,0,0 //SL_SUPERNOVICE#Spirit of the Supernovice#
4303,452,5,450,1,0,0,0,0,0,0,0,0,0,0 //SL_KNIGHT#Spirit of the Knight#
4303,453,5,449,1,0,0,0,0,0,0,0,0,0,0 //SL_WIZARD#Spirit of the Wizard#
4303,454,5,447,1,0,0,0,0,0,0,0,0,0,0 //SL_PRIEST#Spirit of the Priest#
4303,455,5,0,0,0,0,0,0,0,0,0,0,0,0 //SL_BARDDANCER#Spirit of the Artist#
4303,456,5,457,1,0,0,0,0,0,0,0,0,0,0 //SL_ROGUE#Spirit of the Rogue#
4303,457,5,0,0,0,0,0,0,0,0,0,0,0,0 //SL_ASSASIN#Spirit of the Assasin#
4303,458,5,445,1,0,0,0,0,0,0,0,0,0,0 //SL_BLACKSMITH#Spirit of the Blacksmith#
4303,460,5,455,1,0,0,0,0,0,0,0,0,0,0 //SL_HUNTER#Spirit of the Hunter#
4303,461,5,448,1,0,0,0,0,0,0,0,0,0,0 //SL_SOULLINKER#Spirit of the Soul Linker#
4303,462,7,454,1,0,0,0,0,0,0,0,0,0,0 //SL_KAIZEL#Kaizel#
4303,463,7,454,1,450,1,0,0,0,0,0,0,0,0 //SL_KAAHI#Kahai#
4303,464,3,456,1,0,0,0,0,0,0,0,0,0,0 //SL_KAUPE#Kauf#
4303,465,7,453,1,0,0,0,0,0,0,0,0,0,0 //SL_KAITE#Kaite#
4303,466,7,423,1,0,0,0,0,0,0,0,0,0,0 //SL_KAINA#Kaina#
4303,467,7,453,1,0,0,0,0,0,0,0,0,0,0 //SL_STIN#Estin#
4303,468,7,453,1,0,0,0,0,0,0,0,0,0,0 //SL_STUN#Estern#
4303,469,10,467,7,468,7,0,0,0,0,0,0,0,0 //SL_SMA#Esma#
4303,470,7,454,1,0,0,0,0,0,0,0,0,0,0 //SL_SWOO#Esu#
4303,471,3,452,1,0,0,0,0,0,0,0,0,0,0 //SL_SKE#Esk#
4303,472,3,447,1,0,0,0,0,0,0,0,0,0,0 //SL_SKA#Eska#
4303,494,5,451,1,0,0,0,0,0,0,0,0,0,0 //SL_HIGH#Spirit of Rebirth#
4303,2596,5,2608,2,0,0,0,0,0,0,0,0,0,0 //SP_SOULGOLEM##
4303,2597,5,2605,5,0,0,0,0,0,0,0,0,0,0 //SP_SOULSHADOW##
4303,2598,5,2608,2,0,0,0,0,0,0,0,0,0,0 //SP_SOULFALCON##
4303,2599,5,2605,5,0,0,0,0,0,0,0,0,0,0 //SP_SOULFAIRY##
4303,2600,10,2601,3,0,0,0,0,0,0,0,0,0,0 //SP_CURSEEXPLOSION##
4303,2601,5,2607,3,0,0,0,0,0,0,0,0,0,0 //SP_SOULCURSE##
4303,2602,10,2603,1,0,0,0,0,0,0,0,0,0,0 //SP_SPA##
4303,2603,5,2607,3,0,0,0,0,0,0,0,0,0,0 //SP_SHA##
4303,2604,10,2602,3,0,0,0,0,0,0,0,0,0,0 //SP_SWHOO##
4303,2605,7,2611,3,0,0,0,0,0,0,0,0,0,0 //SP_SOULUNITY##
4303,2606,5,2602,10,2603,5,0,0,0,0,0,0,0,0 //SP_SOULDIVISION##
4303,2607,5,2609,1,0,0,0,0,0,0,0,0,0,0 //SP_SOULREAPER##
4303,2608,3,2611,3,2612,3,0,0,0,0,0,0,0,0 //SP_SOULREVOLVE##
4303,2609,5,0,0,0,0,0,0,0,0,0,0,0,0 //SP_SOULCOLLECT##
4303,2610,5,2596,1,2597,1,2598,1,2599,1,2600,2,0,0 //SP_SOULEXPLOSION##
4303,2611,5,2609,1,0,0,0,0,0,0,0,0,0,0 //SP_SOULENERGY##
4303,2612,5,2611,1,0,0,0,0,0,0,0,0,0,0 //SP_KAUTE##
4303,410,1,0,0,0,0,0,0,0,0,0,0,0,0 //WE_CALLBABY#Call Baby#
4303,5416,10,0,0,0,0,0,0,0,0,0,0,0,0 //SOA_TALISMAN_MASTERY##
4303,5417,10,0,0,0,0,0,0,0,0,0,0,0,0 //SOA_SOUL_MASTERY##
4303,5418,5,5416,1,0,0,0,0,0,0,0,0,0,0 //SOA_TALISMAN_OF_PROTECTION##
4303,5419,5,5416,1,0,0,0,0,0,0,0,0,0,0 //SOA_TALISMAN_OF_WARRIOR##
4303,5420,5,5416,1,0,0,0,0,0,0,0,0,0,0 //SOA_TALISMAN_OF_MAGICIAN##
4303,5421,5,2611,5,5417,3,0,0,0,0,0,0,0,0 //SOA_SOUL_GATHERING##
4303,5422,5,5416,3,5417,3,0,0,0,0,0,0,0,0 //SOA_TOTEM_OF_TUTELARY##
4303,5423,5,5416,1,0,0,0,0,0,0,0,0,0,0 //SOA_TALISMAN_OF_FIVE_ELEMENTS##
4303,5424,5,5416,1,5417,1,0,0,0,0,0,0,0,0 //SOA_TALISMAN_OF_SOUL_STEALING##
4303,5425,5,2601,5,5421,1,0,0,0,0,0,0,0,0 //SOA_EXORCISM_OF_MALICIOUS_SOUL##
4303,5426,5,5424,1,0,0,0,0,0,0,0,0,0,0 //SOA_TALISMAN_OF_BLUE_DRAGON##
4303,5427,5,5426,1,0,0,0,0,0,0,0,0,0,0 //SOA_TALISMAN_OF_WHITE_TIGER##
4303,5428,5,5427,1,0,0,0,0,0,0,0,0,0,0 //SOA_TALISMAN_OF_RED_PHOENIX##
4303,5429,5,5428,1,0,0,0,0,0,0,0,0,0,0 //SOA_TALISMAN_OF_BLACK_TORTOISE##
4303,5430,5,5426,1,5427,1,5428,1,5429,1,0,0,0,0 //SOA_TALISMAN_OF_FOUR_BEARING_GOD##
4303,5431,5,5417,3,5423,1,5430,1,0,0,0,0,0,0 //SOA_CIRCLE_OF_DIRECTIONS_AND_ELEMENTALS##
4303,5432,10,5418,5,5419,5,5420,5,5423,5,0,0,0,0 //SOA_SOUL_OF_HEAVEN_AND_EARTH##

// Shinkiro
4304,1,9,0,0,0,0,0,0,0,0,0,0,0,0 //NV_BASIC#Basic Skill#
4304,142,1,0,0,0,0,0,0,0,0,0,0,0,0 //NV_FIRSTAID#First Aid#
4304,522,10,0,0,0,0,0,0,0,0,0,0,0,0 //NJ_TOBIDOUGU#NJ_TOBIDOUGU#
4304,523,10,522,1,0,0,0,0,0,0,0,0,0,0 //NJ_SYURIKEN#NJ_SYURIKEN#
4304,524,5,523,5,0,0,0,0,0,0,0,0,0,0 //NJ_KUNAI#NJ_KUNAI#
4304,525,5,522,5,524,5,0,0,0,0,0,0,0,0 //NJ_HUUMA#NJ_HUUMA#
4304,526,10,522,10,525,5,0,0,0,0,0,0,0,0 //NJ_ZENYNAGE#NJ_ZENYNAGE#
4304,527,5,0,0,0,0,0,0,0,0,0,0,0,0 //NJ_TATAMIGAESHI#NJ_TATAMIGAESHI#
4304,528,10,529,1,0,0,0,0,0,0,0,0,0,0 //NJ_KASUMIKIRI#NJ_KASUMIKIRI#
4304,529,5,527,1,0,0,0,0,0,0,0,0,0,0 //NJ_SHADOWJUMP#NJ_SHADOWJUMP#
4304,530,5,528,5,0,0,0,0,0,0,0,0,0,0 //NJ_KIRIKAGE#NJ_KIRIKAGE#
4304,531,5,529,5,0,0,0,0,0,0,0,0,0,0 //NJ_UTSUSEMI#NJ_UTSUSEMI#
4304,532,10,531,4,530,3,543,1,0,0,0,0,0,0 //NJ_BUNSINJYUTSU#NJ_BUNSINJYUTSU#
4304,533,10,0,0,0,0,0,0,0,0,0,0,0,0 //NJ_NINPOU#NJ_NINPOU#
4304,534,10,533,1,0,0,0,0,0,0,0,0,0,0 //NJ_KOUENKA#NJ_KOUENKA#
4304,535,10,534,5,0,0,0,0,0,0,0,0,0,0 //NJ_KAENSIN#NJ_KAENSIN#
4304,536,5,533,10,535,7,0,0,0,0,0,0,0,0 //NJ_BAKUENRYU#NJ_BAKUENRYU#
4304,537,10,533,1,0,0,0,0,0,0,0,0,0,0 //NJ_HYOUSENSOU#NJ_HYOUSENSOU#
4304,538,10,537,5,0,0,0,0,0,0,0,0,0,0 //NJ_SUITON#NJ_SUITON#
4304,539,5,533,10,538,7,0,0,0,0,0,0,0,0 //NJ_HYOUSYOURAKU#NJ_HYOUSYOURAKU#
4304,540,10,533,1,0,0,0,0,0,0,0,0,0,0 //NJ_HUUJIN#NJ_HUUJIN#
4304,541,5,540,5,0,0,0,0,0,0,0,0,0,0 //NJ_RAIGEKISAI#NJ_RAIGEKISAI#
4304,542,5,533,10,541,5,0,0,0,0,0,0,0,0 //NJ_KAMAITACHI#NJ_KAMAITACHI#
4304,543,5,533,5,0,0,0,0,0,0,0,0,0,0 //NJ_NEN#NJ_NEN#
4304,544,10,522,7,530,5,543,1,0,0,0,0,0,0 //NJ_ISSEN#NJ_ISSEN#
4304,410,1,0,0,0,0,0,0,0,0,0,0,0,0 //WE_CALLBABY#Call Baby#
4304,3001,1,530,5,0,0,0,0,0,0,0,0,0,0 //KO_YAMIKUMO##
4304,3002,5,0,0,0,0,0,0,0,0,0,0,0,0 //KO_RIGHT##
4304,3003,5,0,0,0,0,0,0,0,0,0,0,0,0 //KO_LEFT##
4304,3004,10,3001,1,0,0,0,0,0,0,0,0,0,0 //KO_JYUMONJIKIRI##
4304,3005,5,3004,2,0,0,0,0,0,0,0,0,0,0 //KO_SETSUDAN##
4304,3006,5,524,5,0,0,0,0,0,0,0,0,0,0 //KO_BAKURETSU##
4304,3007,5,3006,1,0,0,0,0,0,0,0,0,0,0 //KO_HAPPOKUNAI##
4304,3008,10,3010,3,0,0,0,0,0,0,0,0,0,0 //KO_MUCHANAGE##
4304,3009,10,525,5,0,0,0,0,0,0,0,0,0,0 //KO_HUUMARANKA##
4304,3010,5,526,1,0,0,0,0,0,0,0,0,0,0 //KO_MAKIBISHI##
4304,3011,5,533,10,0,0,0,0,0,0,0,0,0,0 //KO_MEIKYOUSISUI##
4304,3012,5,531,1,0,0,0,0,0,0,0,0,0,0 //KO_ZANZOU##
4304,3013,5,3021,2,0,0,0,0,0,0,0,0,0,0 //KO_KYOUGAKU##
4304,3014,5,3013,3,0,0,0,0,0,0,0,0,0,0 //KO_JYUSATSU##
4304,3015,1,0,0,0,0,0,0,0,0,0,0,0,0 //KO_KAHU_ENTEN##
4304,3016,1,0,0,0,0,0,0,0,0,0,0,0,0 //KO_HYOUHU_HUBUKI##
4304,3017,1,0,0,0,0,0,0,0,0,0,0,0,0 //KO_KAZEHU_SEIRAN##
4304,3018,1,0,0,0,0,0,0,0,0,0,0,0,0 //KO_DOHU_KOUKAI##
4304,3019,1,3015,1,3016,1,3017,1,3018,1,0,0,0,0 //KO_KAIHOU##
4304,3020,1,3019,1,3022,1,0,0,0,0,0,0,0,0 //KO_ZENKAI##
4304,3021,5,531,1,0,0,0,0,0,0,0,0,0,0 //KO_GENWAKU##
4304,3022,5,533,5,0,0,0,0,0,0,0,0,0,0 //KO_IZAYOI##
4304,3023,5,3012,1,0,0,0,0,0,0,0,0,0,0 //KG_KAGEHUMI##
4304,3024,5,3023,2,0,0,0,0,0,0,0,0,0,0 //KG_KYOMU##
4304,3025,5,3024,3,0,0,0,0,0,0,0,0,0,0 //KG_KAGEMUSYA##
4304,5476,5,5479,1,0,0,0,0,0,0,0,0,0,0 //SS_TOKEDASU##
4304,5477,5,5479,1,0,0,0,0,0,0,0,0,0,0 //SS_SHIMIRU##
4304,5478,1,0,0,0,0,0,0,0,0,0,0,0,0 //SS_AKUMUKESU##
4304,5479,1,0,0,0,0,0,0,0,0,0,0,0,0 //SS_SHINKIROU##
4304,5480,10,5479,1,0,0,0,0,0,0,0,0,0,0 //SS_KAGEGARI##
4304,5481,10,5480,3,0,0,0,0,0,0,0,0,0,0 //SS_KAGENOMAI##
4304,5482,10,5481,5,0,0,0,0,0,0,0,0,0,0 //SS_KAGEGISSEN##
4304,5483,10,5485,3,0,0,0,0,0,0,0,0,0,0 //SS_FUUMASHOUAKU##
4304,5484,10,5483,5,0,0,0,0,0,0,0,0,0,0 //SS_FUUMAKOUCHIKU##
4304,5485,10,5479,1,0,0,0,0,0,0,0,0,0,0 //SS_KUNAIWAIKYOKU##
4304,5486,5,5485,3,0,0,0,0,0,0,0,0,0,0 //SS_KUNAIKAITEN##
4304,5487,10,5486,5,0,0,0,0,0,0,0,0,0,0 //SS_KUNAIKUSSETSU##
4304,5488,10,0,0,0,0,0,0,0,0,0,0,0,0 //SS_SEKIENHOU##
4304,5489,10,0,0,0,0,0,0,0,0,0,0,0,0 //SS_REIKETSUHOU##
4304,5490,10,0,0,0,0,0,0,0,0,0,0,0,0 //SS_RAIDENPOU##
4304,5491,10,0,0,0,0,0,0,0,0,0,0,0,0 //SS_KINRYUUHOU##
4304,5492,10,0,0,0,0,0,0,0,0,0,0,0,0 //SS_ANTENPOU##
4304,5493,1,5479,1,5482,7,0,0,0,0,0,0,0,0 //SS_KAGEAKUMU##
4304,5494,1,5479,1,5485,5,5486,5,5487,5,0,0,0,0 //SS_HITOUAKUMU##
4304,5495,1,5479,1,5488,5,5489,5,5490,5,5491,5,5492,5 //SS_ANKOKURYUUAKUMU##

// Shiranui
4305,1,9,0,0,0,0,0,0,0,0,0,0,0,0 //NV_BASIC#Basic Skill#
4305,142,1,0,0,0,0,0,0,0,0,0,0,0,0 //NV_FIRSTAID#First Aid#
4305,522,10,0,0,0,0,0,0,0,0,0,0,0,0 //NJ_TOBIDOUGU#NJ_TOBIDOUGU#
4305,523,10,522,1,0,0,0,0,0,0,0,0,0,0 //NJ_SYURIKEN#NJ_SYURIKEN#
4305,524,5,523,5,0,0,0,0,0,0,0,0,0,0 //NJ_KUNAI#NJ_KUNAI#
4305,525,5,522,5,524,5,0,0,0,0,0,0,0,0 //NJ_HUUMA#NJ_HUUMA#
4305,526,10,522,10,525,5,0,0,0,0,0,0,0,0 //NJ_ZENYNAGE#NJ_ZENYNAGE#
4305,527,5,0,0,0,0,0,0,0,0,0,0,0,0 //NJ_TATAMIGAESHI#NJ_TATAMIGAESHI#
4305,528,10,529,1,0,0,0,0,0,0,0,0,0,0 //NJ_KASUMIKIRI#NJ_KASUMIKIRI#
4305,529,5,527,1,0,0,0,0,0,0,0,0,0,0 //NJ_SHADOWJUMP#NJ_SHADOWJUMP#
4305,530,5,528,5,0,0,0,0,0,0,0,0,0,0 //NJ_KIRIKAGE#NJ_KIRIKAGE#
4305,531,5,529,5,0,0,0,0,0,0,0,0,0,0 //NJ_UTSUSEMI#NJ_UTSUSEMI#
4305,532,10,531,4,530,3,543,1,0,0,0,0,0,0 //NJ_BUNSINJYUTSU#NJ_BUNSINJYUTSU#
4305,533,10,0,0,0,0,0,0,0,0,0,0,0,0 //NJ_NINPOU#NJ_NINPOU#
4305,534,10,533,1,0,0,0,0,0,0,0,0,0,0 //NJ_KOUENKA#NJ_KOUENKA#
4305,535,10,534,5,0,0,0,0,0,0,0,0,0,0 //NJ_KAENSIN#NJ_KAENSIN#
4305,536,5,533,10,535,7,0,0,0,0,0,0,0,0 //NJ_BAKUENRYU#NJ_BAKUENRYU#
4305,537,10,533,1,0,0,0,0,0,0,0,0,0,0 //NJ_HYOUSENSOU#NJ_HYOUSENSOU#
4305,538,10,537,5,0,0,0,0,0,0,0,0,0,0 //NJ_SUITON#NJ_SUITON#
4305,539,5,533,10,538,7,0,0,0,0,0,0,0,0 //NJ_HYOUSYOURAKU#NJ_HYOUSYOURAKU#
4305,540,10,533,1,0,0,0,0,0,0,0,0,0,0 //NJ_HUUJIN#NJ_HUUJIN#
4305,541,5,540,5,0,0,0,0,0,0,0,0,0,0 //NJ_RAIGEKISAI#NJ_RAIGEKISAI#
4305,542,5,533,10,541,5,0,0,0,0,0,0,0,0 //NJ_KAMAITACHI#NJ_KAMAITACHI#
4305,543,5,533,5,0,0,0,0,0,0,0,0,0,0 //NJ_NEN#NJ_NEN#
4305,544,10,522,7,530,5,543,1,0,0,0,0,0,0 //NJ_ISSEN#NJ_ISSEN#
4305,410,1,0,0,0,0,0,0,0,0,0,0,0,0 //WE_CALLBABY#Call Baby#
4305,3001,1,530,5,0,0,0,0,0,0,0,0,0,0 //KO_YAMIKUMO##
4305,3002,5,0,0,0,0,0,0,0,0,0,0,0,0 //KO_RIGHT##
4305,3003,5,0,0,0,0,0,0,0,0,0,0,0,0 //KO_LEFT##
4305,3004,10,3001,1,0,0,0,0,0,0,0,0,0,0 //KO_JYUMONJIKIRI##
4305,3005,5,3004,2,0,0,0,0,0,0,0,0,0,0 //KO_SETSUDAN##
4305,3006,5,524,5,0,0,0,0,0,0,0,0,0,0 //KO_BAKURETSU##
4305,3007,5,3006,1,0,0,0,0,0,0,0,0,0,0 //KO_HAPPOKUNAI##
4305,3008,10,3010,3,0,0,0,0,0,0,0,0,0,0 //KO_MUCHANAGE##
4305,3009,10,525,5,0,0,0,0,0,0,0,0,0,0 //KO_HUUMARANKA##
4305,3010,5,526,1,0,0,0,0,0,0,0,0,0,0 //KO_MAKIBISHI##
4305,3011,5,533,10,0,0,0,0,0,0,0,0,0,0 //KO_MEIKYOUSISUI##
4305,3012,5,531,1,0,0,0,0,0,0,0,0,0,0 //KO_ZANZOU##
4305,3013,5,3021,2,0,0,0,0,0,0,0,0,0,0 //KO_KYOUGAKU##
4305,3014,5,3013,3,0,0,0,0,0,0,0,0,0,0 //KO_JYUSATSU##
4305,3015,1,0,0,0,0,0,0,0,0,0,0,0,0 //KO_KAHU_ENTEN##
4305,3016,1,0,0,0,0,0,0,0,0,0,0,0,0 //KO_HYOUHU_HUBUKI##
4305,3017,1,0,0,0,0,0,0,0,0,0,0,0,0 //KO_KAZEHU_SEIRAN##
4305,3018,1,0,0,0,0,0,0,0,0,0,0,0,0 //KO_DOHU_KOUKAI##
4305,3019,1,3015,1,3016,1,3017,1,3018,1,0,0,0,0 //KO_KAIHOU##
4305,3020,1,3019,1,3022,1,0,0,0,0,0,0,0,0 //KO_ZENKAI##
4305,3021,5,531,1,0,0,0,0,0,0,0,0,0,0 //KO_GENWAKU##
4305,3022,5,533,5,0,0,0,0,0,0,0,0,0,0 //KO_IZAYOI##
4305,3026,5,3021,1,0,0,0,0,0,0,0,0,0,0 //OB_ZANGETSU##
4305,3027,5,3029,3,0,0,0,0,0,0,0,0,0,0 //OB_OBOROGENSOU##
4305,3029,5,3026,2,0,0,0,0,0,0,0,0,0,0 //OB_AKAITSUKI##
4305,5476,5,5479,1,0,0,0,0,0,0,0,0,0,0 //SS_TOKEDASU##
4305,5477,5,5479,1,0,0,0,0,0,0,0,0,0,0 //SS_SHIMIRU##
4305,5478,1,0,0,0,0,0,0,0,0,0,0,0,0 //SS_AKUMUKESU##
4305,5479,1,0,0,0,0,0,0,0,0,0,0,0,0 //SS_SHINKIROU##
4305,5480,10,5479,1,0,0,0,0,0,0,0,0,0,0 //SS_KAGEGARI##
4305,5481,10,5480,3,0,0,0,0,0,0,0,0,0,0 //SS_KAGENOMAI##
4305,5482,10,5481,5,0,0,0,0,0,0,0,0,0,0 //SS_KAGEGISSEN##
4305,5483,10,5485,3,0,0,0,0,0,0,0,0,0,0 //SS_FUUMASHOUAKU##
4305,5484,10,5483,5,0,0,0,0,0,0,0,0,0,0 //SS_FUUMAKOUCHIKU##
4305,5485,10,5479,1,0,0,0,0,0,0,0,0,0,0 //SS_KUNAIWAIKYOKU##
4305,5486,5,5485,3,0,0,0,0,0,0,0,0,0,0 //SS_KUNAIKAITEN##
4305,5487,10,5486,5,0,0,0,0,0,0,0,0,0,0 //SS_KUNAIKUSSETSU##
4305,5488,10,0,0,0,0,0,0,0,0,0,0,0,0 //SS_SEKIENHOU##
4305,5489,10,0,0,0,0,0,0,0,0,0,0,0,0 //SS_REIKETSUHOU##
4305,5490,10,0,0,0,0,0,0,0,0,0,0,0,0 //SS_RAIDENPOU##
4305,5491,10,0,0,0,0,0,0,0,0,0,0,0,0 //SS_KINRYUUHOU##
4305,5492,10,0,0,0,0,0,0,0,0,0,0,0,0 //SS_ANTENPOU##
4305,5493,1,5479,1,5482,7,0,0,0,0,0,0,0,0 //SS_KAGEAKUMU##
4305,5494,1,5479,1,5485,5,5486,5,5487,5,0,0,0,0 //SS_HITOUAKUMU##
4305,5495,1,5479,1,5488,5,5489,5,5490,5,5491,5,5492,5 //SS_ANKOKURYUUAKUMU##

// Night Watch
4306,1,9,0,0,0,0,0,0,0,0,0,0,0,0 //NV_BASIC#Basic Skill#
4306,142,1,0,0,0,0,0,0,0,0,0,0,0,0 //NV_FIRSTAID#First Aid#
4306,500,5,0,0,0,0,0,0,0,0,0,0,0,0 //GS_GLITTERING#Flip the Coin#
4306,501,1,500,1,0,0,0,0,0,0,0,0,0,0 //GS_FLING#Fling#
4306,502,1,500,1,0,0,0,0,0,0,0,0,0,0 //GS_TRIPLEACTION#Triple Action#
4306,503,1,500,5,0,0,0,0,0,0,0,0,0,0 //GS_BULLSEYE#Bulls Eye#
4306,504,1,500,4,0,0,0,0,0,0,0,0,0,0 //GS_MADNESSCANCEL#Madness Canceler#
4306,505,1,500,4,0,0,0,0,0,0,0,0,0,0 //GS_ADJUSTMENT#Adjustment#
4306,506,1,500,2,0,0,0,0,0,0,0,0,0,0 //GS_INCREASING#Increasing Accuracy#
4306,507,1,500,1,0,0,0,0,0,0,0,0,0,0 //GS_MAGICALBULLET#Magical Bullet#
4306,508,1,500,1,0,0,0,0,0,0,0,0,0,0 //GS_CRACKER#Cracker#
4306,509,10,0,0,0,0,0,0,0,0,0,0,0,0 //GS_SINGLEACTION#Single Action#
4306,510,10,0,0,0,0,0,0,0,0,0,0,0,0 //GS_SNAKEEYE#Snake Eye#
4306,511,10,509,1,0,0,0,0,0,0,0,0,0,0 //GS_CHAINACTION#Chain Action#
4306,512,10,509,5,0,0,0,0,0,0,0,0,0,0 //GS_TRACKING#Tracking#
4306,513,5,512,7,0,0,0,0,0,0,0,0,0,0 //GS_DISARM#Disarm#
4306,514,5,512,5,0,0,0,0,0,0,0,0,0,0 //GS_PIERCINGSHOT#Piercing Shot#
4306,515,10,511,3,0,0,0,0,0,0,0,0,0,0 //GS_RAPIDSHOWER#Rapid Shower#
4306,516,10,515,5,0,0,0,0,0,0,0,0,0,0 //GS_DESPERADO#Desperado#
4306,517,10,515,7,516,5,0,0,0,0,0,0,0,0 //GS_GATLINGFEVER#Gatling Fever#
4306,518,10,509,5,0,0,0,0,0,0,0,0,0,0 //GS_DUST#Dust#
4306,519,10,518,3,0,0,0,0,0,0,0,0,0,0 //GS_FULLBUSTER#Full Buster#
4306,520,10,509,5,0,0,0,0,0,0,0,0,0,0 //GS_SPREADATTACK#Spread Attack#
4306,521,10,520,7,0,0,0,0,0,0,0,0,0,0 //GS_GROUNDDRIFT#Ground Drift#
4306,410,1,0,0,0,0,0,0,0,0,0,0,0,0 //WE_CALLBABY#Call Baby#
4306,2552,1,500,5,0,0,0,0,0,0,0,0,0,0 //RL_RICHS_COIN#Rich's Coin#
4306,2553,5,514,1,0,0,0,0,0,0,0,0,0,0 //RL_MASS_SPIRAL#Mass Spiral#
4306,2554,10,2557,1,0,0,0,0,0,0,0,0,0,0 //RL_BANISHING_BUSTER#Banishing Buster#
4306,2555,5,2556,1,0,0,0,0,0,0,0,0,0,0 //RL_B_TRAP#Bind Trap#
4306,2556,1,500,1,0,0,0,0,0,0,0,0,0,0 //RL_FLICKER#Flicker#
4306,2557,5,513,1,518,1,0,0,0,0,0,0,0,0 //RL_S_STORM#Shatter Storm#
4306,2558,10,500,1,511,10,0,0,0,0,0,0,0,0 //RL_E_CHAIN#Eternal Chain#
4306,2559,1,511,1,0,0,0,0,0,0,0,0,0,0 //RL_QD_SHOT#Quick Draw Shot#
4306,2560,1,500,1,0,0,0,0,0,0,0,0,0,0 //RL_C_MARKER#Crimson Marker#
4306,2561,10,516,1,0,0,0,0,0,0,0,0,0,0 //RL_FIREDANCE#Fire Dance#
4306,2562,5,521,1,0,0,0,0,0,0,0,0,0,0 //RL_H_MINE#Howling Mine#
4306,2563,5,2552,1,0,0,0,0,0,0,0,0,0,0 //RL_P_ALTER#Platinum Alter#
4306,2564,1,516,10,0,0,0,0,0,0,0,0,0,0 //RL_FALLEN_ANGEL#Fallen Angel#
4306,2565,10,2567,1,0,0,0,0,0,0,0,0,0,0 //RL_R_TRIP#Round Trip#
4306,2566,10,2560,1,2562,3,0,0,0,0,0,0,0,0 //RL_D_TAIL#Dragon Tail#
4306,2567,5,517,1,0,0,0,0,0,0,0,0,0,0 //RL_FIRE_RAIN#Fire Rain#
4306,2568,5,2552,1,0,0,0,0,0,0,0,0,0,0 //RL_HEAT_BARREL#Heat Barrel#
4306,2569,5,2553,1,0,0,0,0,0,0,0,0,0,0 //RL_AM_BLAST#Anti-Material Blast#
4306,2570,5,2554,3,0,0,0,0,0,0,0,0,0,0 //RL_SLUGSHOT#Slug Shot#
4306,2571,10,2552,1,2569,3,0,0,0,0,0,0,0,0 //RL_HAMMER_OF_GOD#Hammer of God#
4306,5401,10,0,0,0,0,0,0,0,0,0,0,0,0 //NW_P_F_I##
4306,5402,10,0,0,0,0,0,0,0,0,0,0,0,0 //NW_GRENADE_MASTERY##
4306,5403,1,5401,1,0,0,0,0,0,0,0,0,0,0 //NW_INTENSIVE_AIM##
4306,5404,7,5402,1,0,0,0,0,0,0,0,0,0,0 //NW_GRENADE_FRAGMENT##
4306,5405,5,5401,3,5403,1,0,0,0,0,0,0,0,0 //NW_THE_VIGILANTE_AT_NIGHT##
4306,5406,5,5401,3,5403,1,0,0,0,0,0,0,0,0 //NW_ONLY_ONE_BULLET##
4306,5407,5,5401,3,5403,1,0,0,0,0,0,0,0,0 //NW_SPIRAL_SHOOTING##
4306,5408,5,5401,3,5403,1,0,0,0,0,0,0,0,0 //NW_MAGAZINE_FOR_ONE##
4306,5409,5,5401,3,5403,1,0,0,0,0,0,0,0,0 //NW_WILD_FIRE##
4306,5410,5,5402,3,0,0,0,0,0,0,0,0,0,0 //NW_BASIC_GRENADE##
4306,5411,5,5410,3,0,0,0,0,0,0,0,0,0,0 //NW_HASTY_FIRE_IN_THE_HOLE##
4306,5412,5,5411,3,0,0,0,0,0,0,0,0,0,0 //NW_GRENADES_DROPPING##
4306,5413,5,5412,3,0,0,0,0,0,0,0,0,0,0 //NW_AUTO_FIRING_LAUNCHER##
4306,5414,10,5401,5,5403,1,0,0,0,0,0,0,0,0 //NW_HIDDEN_CARD##
4306,5415,10,5402,5,5412,3,0,0,0,0,0,0,0,0 //NW_MISSION_BOMBARD##

// Hyper Novice
4307,1,9,0,0,0,0,0,0,0,0,0,0,0,0 //NV_BASIC#Basic Skill#
4307,142,1,0,0,0,0,0,0,0,0,0,0,0,0 //NV_FIRSTAID#First Aid#
4307,2,10,0,0,0,0,0,0,0,0,0,0,0,0 //SM_SWORD#Sword Mastery#
4307,4,10,0,0,0,0,0,0,0,0,0,0,0,0 //SM_RECOVERY#Increase HP Recovery#
4307,5,10,0,0,0,0,0,0,0,0,0,0,0,0 //SM_BASH#Bash#
4307,6,10,0,0,0,0,0,0,0,0,0,0,0,0 //SM_PROVOKE#Provoke#
4307,7,10,5,5,0,0,0,0,0,0,0,0,0,0 //SM_MAGNUM#Magnum Break#
4307,8,10,6,5,0,0,0,0,0,0,0,0,0,0 //SM_ENDURE#Endure#
4307,9,10,0,0,0,0,0,0,0,0,0,0,0,0 //MG_SRECOVERY#Increase SP Recovery#
4307,10,1,0,0,0,0,0,0,0,0,0,0,0,0 //MG_SIGHT#Sight#
4307,11,10,0,0,0,0,0,0,0,0,0,0,0,0 //MG_NAPALMBEAT#Napalm Beat#
4307,12,10,11,7,13,5,0,0,0,0,0,0,0,0 //MG_SAFETYWALL#Safety Wall#
4307,13,10,11,4,0,0,0,0,0,0,0,0,0,0 //MG_SOULSTRIKE#Soul Strike#
4307,14,10,0,0,0,0,0,0,0,0,0,0,0,0 //MG_COLDBOLT#Cold Bolt#
4307,15,10,14,5,0,0,0,0,0,0,0,0,0,0 //MG_FROSTDIVER#Frost Diver#
4307,16,10,0,0,0,0,0,0,0,0,0,0,0,0 //MG_STONECURSE#Stone Curse#
4307,17,10,19,4,0,0,0,0,0,0,0,0,0,0 //MG_FIREBALL#Fire Ball#
4307,18,10,17,5,10,1,0,0,0,0,0,0,0,0 //MG_FIREWALL#Fire Wall#
4307,19,10,0,0,0,0,0,0,0,0,0,0,0,0 //MG_FIREBOLT#Fire Bolt#
4307,20,10,0,0,0,0,0,0,0,0,0,0,0,0 //MG_LIGHTNINGBOLT#Lightning Bolt#
4307,21,10,20,4,0,0,0,0,0,0,0,0,0,0 //MG_THUNDERSTORM#Thunderstorm#
4307,22,10,0,0,0,0,0,0,0,0,0,0,0,0 //AL_DP#Divine Protection#
4307,23,10,22,3,0,0,0,0,0,0,0,0,0,0 //AL_DEMONBANE#Demon Bane#
4307,24,1,0,0,0,0,0,0,0,0,0,0,0,0 //AL_RUWACH#Ruwach#
4307,25,1,27,4,0,0,0,0,0,0,0,0,0,0 //AL_PNEUMA#Pneuma#
4307,26,2,24,1,0,0,0,0,0,0,0,0,0,0 //AL_TELEPORT#Teleport#
4307,27,4,26,2,0,0,0,0,0,0,0,0,0,0 //AL_WARP#Warp Portal#
4307,28,10,0,0,0,0,0,0,0,0,0,0,0,0 //AL_HEAL#Heal#
4307,29,10,28,3,0,0,0,0,0,0,0,0,0,0 //AL_INCAGI#Increase AGI#
4307,30,10,29,1,0,0,0,0,0,0,0,0,0,0 //AL_DECAGI#Decrease AGI#
4307,31,1,0,0,0,0,0,0,0,0,0,0,0,0 //AL_HOLYWATER#Aqua Benedicta#
4307,32,10,23,3,0,0,0,0,0,0,0,0,0,0 //AL_CRUCIS#Signum Crusis#
4307,33,10,22,3,0,0,0,0,0,0,0,0,0,0 //AL_ANGELUS#Angelus#
4307,34,10,22,5,0,0,0,0,0,0,0,0,0,0 //AL_BLESSING#Blessing#
4307,35,1,28,2,0,0,0,0,0,0,0,0,0,0 //AL_CURE#Cure#
4307,36,10,0,0,0,0,0,0,0,0,0,0,0,0 //MC_INCCARRY#Enlarge Weight Limit#
4307,37,10,36,3,0,0,0,0,0,0,0,0,0,0 //MC_DISCOUNT#Discount#
4307,38,10,37,3,0,0,0,0,0,0,0,0,0,0 //MC_OVERCHARGE#Overcharge#
4307,39,10,36,5,0,0,0,0,0,0,0,0,0,0 //MC_PUSHCART#Pushcart#
4307,40,1,0,0,0,0,0,0,0,0,0,0,0,0 //MC_IDENTIFY#Item Appraisal#
4307,41,10,39,3,0,0,0,0,0,0,0,0,0,0 //MC_VENDING#Vending#
4307,42,10,0,0,0,0,0,0,0,0,0,0,0,0 //MC_MAMMONITE#Mammonite#
4307,43,10,0,0,0,0,0,0,0,0,0,0,0,0 //AC_OWL#Owl's Eye#
4307,44,10,43,3,0,0,0,0,0,0,0,0,0,0 //AC_VULTURE#Vulture's Eye#
4307,45,10,44,1,0,0,0,0,0,0,0,0,0,0 //AC_CONCENTRATION#Improve Concentration#
4307,48,10,0,0,0,0,0,0,0,0,0,0,0,0 //TF_DOUBLE#Double Attack#
4307,49,10,0,0,0,0,0,0,0,0,0,0,0,0 //TF_MISS#Improve Dodge#
4307,50,10,0,0,0,0,0,0,0,0,0,0,0,0 //TF_STEAL#Steal#
4307,51,10,50,5,0,0,0,0,0,0,0,0,0,0 //TF_HIDING#Hiding#
4307,52,10,0,0,0,0,0,0,0,0,0,0,0,0 //TF_POISON#Envenom#
4307,53,1,52,3,0,0,0,0,0,0,0,0,0,0 //TF_DETOXIFY#Detoxify#
4307,410,1,0,0,0,0,0,0,0,0,0,0,0,0 //WE_CALLBABY#Call Baby#
4307,66,5,0,0,0,0,0,0,0,0,0,0,0,0 //PR_IMPOSITIO#Impositio Manus#
4307,68,5,31,1,66,3,0,0,0,0,0,0,0,0 //PR_ASPERSIO#Aspersio#
4307,70,10,28,1,0,0,0,0,0,0,0,0,0,0 //PR_SANCTUARY#Sanctuary#
4307,72,1,0,0,0,0,0,0,0,0,0,0,0,0 //PR_STRECOVERY#Status Recovery#
4307,74,5,0,0,0,0,0,0,0,0,0,0,0,0 //PR_MAGNIFICAT#Magnificat#
4307,75,5,70,7,0,0,0,0,0,0,0,0,0,0 //PR_GLORIA#Gloria#
4307,80,10,18,1,0,0,0,0,0,0,0,0,0,0 //WZ_FIREPILLAR#Fire Pillar#
4307,81,10,20,1,10,1,0,0,0,0,0,0,0,0 //WZ_SIGHTRASHER#Sightrasher#
4307,83,10,81,2,21,1,0,0,0,0,0,0,0,0 //WZ_METEOR#Meteor Storm#
4307,84,10,11,1,20,1,0,0,0,0,0,0,0,0 //WZ_JUPITEL#Jupiter Thunder#
4307,85,10,21,1,84,5,0,0,0,0,0,0,0,0 //WZ_VERMILION#Lord of Vermilion#
4307,86,5,14,1,20,1,0,0,0,0,0,0,0,0 //WZ_WATERBALL#Water Ball#
4307,87,10,16,1,15,1,0,0,0,0,0,0,0,0 //WZ_ICEWALL#Ice Wall#
4307,88,10,87,1,0,0,0,0,0,0,0,0,0,0 //WZ_FROSTNOVA#Frost Nova#
4307,89,10,15,1,84,3,0,0,0,0,0,0,0,0 //WZ_STORMGUST#Storm Gust#
4307,90,5,16,1,0,0,0,0,0,0,0,0,0,0 //WZ_EARTHSPIKE#Earth Spike#
4307,91,5,90,3,0,0,0,0,0,0,0,0,0,0 //WZ_HEAVENDRIVE#Heaven's Drive#
4307,92,5,91,1,0,0,0,0,0,0,0,0,0,0 //WZ_QUAGMIRE#Quagmire#
4307,93,1,0,0,0,0,0,0,0,0,0,0,0,0 //WZ_ESTIMATION#Sense#
4307,105,1,0,0,0,0,0,0,0,0,0,0,0,0 //BS_HILTBINDING#Hilt Binding#
4307,107,10,105,1,0,0,0,0,0,0,0,0,0,0 //BS_WEAPONRESEARCH#Weaponry Research#
4307,108,1,107,1,0,0,0,0,0,0,0,0,0,0 //BS_REPAIRWEAPON#Weapon Repair#
4307,115,5,0,0,0,0,0,0,0,0,0,0,0,0 //HT_SKIDTRAP#Skid Trap#
4307,116,5,0,0,0,0,0,0,0,0,0,0,0,0 //HT_LANDMINE#Land Mine#
4307,126,10,0,0,0,0,0,0,0,0,0,0,0,0 //HT_BEASTBANE#Beast Bane#
4307,138,10,52,1,0,0,0,0,0,0,0,0,0,0 //AS_ENCHANTPOISON#Enchant Poison#
4307,139,10,138,3,0,0,0,0,0,0,0,0,0,0 //AS_POISONREACT#Poison React#
4307,140,10,138,5,0,0,0,0,0,0,0,0,0,0 //AS_VENOMDUST#Venom Dust#
4307,141,10,139,5,140,5,0,0,0,0,0,0,0,0 //AS_SPLASHER#Venom Splasher#
4307,210,10,50,1,0,0,0,0,0,0,0,0,0,0 //RG_SNATCHER#Gank#
4307,211,10,210,4,0,0,0,0,0,0,0,0,0,0 //RG_STEALCOIN#Mug#
4307,212,10,211,4,0,0,0,0,0,0,0,0,0,0 //RG_BACKSTAP#Back Stab#
4307,213,5,51,1,0,0,0,0,0,0,0,0,0,0 //RG_TUNNELDRIVE#Stalk#
4307,214,5,212,2,213,2,0,0,0,0,0,0,0,0 //RG_RAID#Sightless Raid#
4307,226,10,0,0,0,0,0,0,0,0,0,0,0,0 //AM_AXEMASTERY#Axe Mastery#
4307,248,10,0,0,0,0,0,0,0,0,0,0,0,0 //CR_TRUST#Faith#
4307,249,10,0,0,0,0,0,0,0,0,0,0,0,0 //CR_AUTOGUARD#Guard#
4307,250,5,249,5,0,0,0,0,0,0,0,0,0,0 //CR_SHIELDCHARGE#Smite#
4307,251,5,250,3,0,0,0,0,0,0,0,0,0,0 //CR_SHIELDBOOMERANG#Shield Boomerang#
4307,253,10,248,7,0,0,0,0,0,0,0,0,0,0 //CR_HOLYCROSS#Holy Cross#
4307,259,10,23,10,22,10,0,0,0,0,0,0,0,0 //MO_IRONHAND#Iron Fists#
4307,261,5,259,2,0,0,0,0,0,0,0,0,0,0 //MO_CALLSPIRITS#Summon Spirit Sphere#
4307,262,1,261,5,0,0,0,0,0,0,0,0,0,0 //MO_ABSORBSPIRITS#Absorb Spirit Sphere#
4307,270,5,262,1,0,0,0,0,0,0,0,0,0,0 //MO_EXPLOSIONSPIRITS#Fury#
4307,365,1,9,1,0,0,0,0,0,0,0,0,0,0 //HW_MAGICCRASHER#Stave Crasher#
4307,401,1,261,5,262,1,270,5,0,0,0,0,0,0 //CH_SOULCOLLECT#Hyper Spirit Sphere#
4307,5075,5,0,0,0,0,0,0,0,0,0,0,0,0 //NV_BREAKTHROUGH#Break Through#
4307,5076,1,0,0,0,0,0,0,0,0,0,0,0,0 //NV_HELPANGEL#Help Angel#
4307,5077,5,0,0,0,0,0,0,0,0,0,0,0,0 //NV_TRANSCENDENCE#Transcendence#
4307,2535,1,41,1,0,0,0,0,0,0,0,0,0,0 //ALL_BUYING_STORE#Open Buying Store#
4307,2544,1,0,0,0,0,0,0,0,0,0,0,0,0 //MC_CARTDECORATE#Cart Decorate#
4307,5449,10,0,0,0,0,0,0,0,0,0,0,0,0 //HN_SELFSTUDY_TATICS##
4307,5450,10,0,0,0,0,0,0,0,0,0,0,0,0 //HN_SELFSTUDY_SOCERY##
4307,5451,10,5449,5,0,0,0,0,0,0,0,0,0,0 //HN_DOUBLEBOWLINGBASH##
4307,5452,10,5451,7,0,0,0,0,0,0,0,0,0,0 //HN_MEGA_SONIC_BLOW##
4307,5453,10,5449,5,0,0,0,0,0,0,0,0,0,0 //HN_SHIELD_CHAIN_RUSH##
4307,5454,10,5453,7,0,0,0,0,0,0,0,0,0,0 //HN_SPIRAL_PIERCE_MAX##
4307,5455,10,5450,5,0,0,0,0,0,0,0,0,0,0 //HN_METEOR_STORM_BUSTER##
4307,5456,10,5450,5,0,0,0,0,0,0,0,0,0,0 //HN_JUPITEL_THUNDER_STORM##
4307,5457,10,5450,5,0,0,0,0,0,0,0,0,0,0 //HN_JACK_FROST_NOVA##
4307,5458,10,5450,5,0,0,0,0,0,0,0,0,0,0 //HN_HELLS_DRIVE##
4307,5459,10,5450,5,0,0,0,0,0,0,0,0,0,0 //HN_GROUND_GRAVITATION##
4307,5460,10,5450,5,0,0,0,0,0,0,0,0,0,0 //HN_NAPALM_VULCAN_STRIKE##
4307,5461,1,5451,7,5452,7,5453,7,5454,7,0,0,0,0 //HN_BREAKINGLIMIT##
4307,5462,1,5455,5,5456,5,5457,5,5458,5,5459,5,5460,5 //HN_RULEBREAK##

// Spirit Handler
4308,5018,1,0,0,0,0,0,0,0,0,0,0,0,0 //SU_BASIC_SKILL##
4308,5019,1,5018,1,0,0,0,0,0,0,0,0,0,0 //SU_BITE##
4308,5020,1,5019,1,0,0,0,0,0,0,0,0,0,0 //SU_HIDE##
4308,5021,3,5020,1,0,0,0,0,0,0,0,0,0,0 //SU_SCRATCH##
4308,5022,1,5021,3,0,0,0,0,0,0,0,0,0,0 //SU_STOOP##
4308,5023,3,5022,1,0,0,0,0,0,0,0,0,0,0 //SU_LOPE##
4308,5024,1,5023,3,0,0,0,0,0,0,0,0,0,0 //SU_SPRITEMABLE##
4308,5025,1,5027,3,0,0,0,0,0,0,0,0,0,0 //SU_POWEROFLAND##
4308,5026,5,5024,1,0,0,0,0,0,0,0,0,0,0 //SU_SV_STEMSPEAR##
4308,5027,5,5028,3,0,0,0,0,0,0,0,0,0,0 //SU_CN_POWDERING##
4308,5028,5,5029,3,0,0,0,0,0,0,0,0,0,0 //SU_CN_METEOR##
4308,5029,5,5026,3,0,0,0,0,0,0,0,0,0,0 //SU_SV_ROOTTWIST##
4308,5031,1,5036,3,0,0,0,0,0,0,0,0,0,0 //SU_POWEROFLIFE##
4308,5032,5,5035,3,0,0,0,0,0,0,0,0,0,0 //SU_SCAROFTAROU##
4308,5033,5,5024,1,0,0,0,0,0,0,0,0,0,0 //SU_PICKYPECK##
4308,5035,5,5033,3,0,0,0,0,0,0,0,0,0,0 //SU_ARCLOUSEDASH##
4308,5036,5,5032,3,0,0,0,0,0,0,0,0,0,0 //SU_LUNATICCARROTBEAT##
4308,5037,1,5039,3,0,0,0,0,0,0,0,0,0,0 //SU_POWEROFSEA##
4308,5038,5,5040,3,0,0,0,0,0,0,0,0,0,0 //SU_TUNABELLY##
4308,5039,5,5038,3,0,0,0,0,0,0,0,0,0,0 //SU_TUNAPARTY##
4308,5040,5,5041,3,0,0,0,0,0,0,0,0,0,0 //SU_BUNCHOFSHRIMP##
4308,5041,5,5024,1,0,0,0,0,0,0,0,0,0,0 //SU_FRESHSHRIMP##
4308,5044,1,5024,1,0,0,0,0,0,0,0,0,0,0 //SU_SOULATTACK##
4308,5045,5,100,0,5047,5,0,0,0,0,0,0,0,0,0,0 //SU_POWEROFFLOCK##
4308,5046,5,100,0,5045,5,0,0,0,0,0,0,0,0,0,0 //SU_SVG_SPIRIT##
4308,5047,5,100,0,5031,1,0,0,0,0,0,0,0,0,0,0 //SU_HISS##
4308,5048,5,100,0,5053,5,0,0,0,0,0,0,0,0,0,0 //SU_NYANGGRASS##
4308,5049,5,100,0,5037,1,0,0,0,0,0,0,0,0,0,0 //SU_GROOMING##
4308,5050,5,100,0,5049,5,0,0,0,0,0,0,0,0,0,0 //SU_PURRING##
4308,5051,5,100,0,5050,5,0,0,0,0,0,0,0,0,0,0 //SU_SHRIMPARTY##
4308,5052,1,100,0,5046,5,0,0,0,0,0,0,0,0,0,0 //SU_SPIRITOFLIFE##
4308,5053,5,100,0,5025,1,0,0,0,0,0,0,0,0,0,0 //SU_MEOWMEOW##
4308,5054,1,100,0,5048,5,0,0,0,0,0,0,0,0,0,0 //SU_SPIRITOFLAND##
4308,5055,5,100,0,5025,1,0,0,0,0,0,0,0,0,0,0 //SU_CHATTERING##
4308,5056,1,100,0,5051,5,0,0,0,0,0,0,0,0,0,0 //SU_SPIRITOFSEA##
4308,410,1,0,0,0,0,0,0,0,0,0,0,0,0 //WE_CALLBABY#Call Baby#
4308,5433,10,0,0,0,0,0,0,0,0,0,0,0,0 //SH_MYSTICAL_CREATURE_MASTERY##
4308,5434,1,5433,7,5437,3,0,0,0,0,0,0,0,0 //SH_COMMUNE_WITH_CHUL_HO##
4308,5435,7,5433,1,0,0,0,0,0,0,0,0,0,0 //SH_CHUL_HO_SONIC_CLAW##
4308,5436,7,5433,3,5435,3,0,0,0,0,0,0,0,0 //SH_HOWLING_OF_CHUL_HO##
4308,5437,7,5433,5,5436,3,0,0,0,0,0,0,0,0 //SH_HOGOGONG_STRIKE##
4308,5438,1,5433,7,5442,3,0,0,0,0,0,0,0,0 //SH_COMMUNE_WITH_KI_SUL##
4308,5439,7,5433,1,0,0,0,0,0,0,0,0,0,0 //SH_KI_SUL_WATER_SPRAYING##
4308,5440,5,5433,3,5439,3,0,0,0,0,0,0,0,0 //SH_MARINE_FESTIVAL_OF_KI_SUL##
4308,5441,5,5433,3,5439,3,0,0,0,0,0,0,0,0 //SH_SANDY_FESTIVAL_OF_KI_SUL##
4308,5442,7,5433,5,5440,2,5441,2,0,0,0,0,0,0 //SH_KI_SUL_RAMPAGE##
4308,5443,1,5433,7,5446,3,0,0,0,0,0,0,0,0 //SH_COMMUNE_WITH_HYUN_ROK##
4308,5444,7,5433,1,0,0,0,0,0,0,0,0,0,0 //SH_COLORS_OF_HYUN_ROK##
4308,5445,7,5433,3,5444,3,0,0,0,0,0,0,0,0 //SH_HYUN_ROKS_BREEZE##
4308,5446,7,5433,5,5445,3,0,0,0,0,0,0,0,0 //SH_HYUN_ROK_CANNON##
4308,5447,5,5433,10,0,0,0,0,0,0,0,0,0,0 //SH_TEMPORARY_COMMUNION##
4308,5448,5,5433,10,5438,1,0,0,0,0,0,0,0,0 //SH_BLESSING_OF_MYSTICAL_CREATURES##

// Sky Emperor (Union)
4316,1,9,0,0,0,0,0,0,0,0,0,0,0,0 //NV_BASIC#Basic Skill#
4316,142,1,0,0,0,0,0,0,0,0,0,0,0,0 //NV_FIRSTAID#First Aid#
4316,411,10,0,0,0,0,0,0,0,0,0,0,0,0 //TK_RUN#Running#
4316,412,1,413,1,0,0,0,0,0,0,0,0,0,0 //TK_READYSTORM#Prepare Whirlwind#
4316,413,7,0,0,0,0,0,0,0,0,0,0,0,0 //TK_STORMKICK#Whirlwind Kick#
4316,414,1,415,1,0,0,0,0,0,0,0,0,0,0 //TK_READYDOWN#Prepare Axe Kick#
4316,415,7,0,0,0,0,0,0,0,0,0,0,0,0 //TK_DOWNKICK#Axe Kick#
4316,416,1,417,1,0,0,0,0,0,0,0,0,0,0 //TK_READYTURN#Prepare Round Kick#
4316,417,7,0,0,0,0,0,0,0,0,0,0,0,0 //TK_TURNKICK#Round Kick#
4316,418,1,419,1,0,0,0,0,0,0,0,0,0,0 //TK_READYCOUNTER#Prepare Counter Kick#
4316,419,7,0,0,0,0,0,0,0,0,0,0,0,0 //TK_COUNTER#Counter Kick#
4316,420,1,421,7,0,0,0,0,0,0,0,0,0,0 //TK_DODGE#Break Fall#
4316,421,7,0,0,0,0,0,0,0,0,0,0,0,0 //TK_JUMPKICK#Flying Side Kick#
4316,422,10,0,0,0,0,0,0,0,0,0,0,0,0 //TK_HPTIME#Peaceful Rest#
4316,423,10,0,0,0,0,0,0,0,0,0,0,0,0 //TK_SPTIME#Enjoyable Rest#
4316,424,5,0,0,0,0,0,0,0,0,0,0,0,0 //TK_POWER#Fighting Chant#
4316,425,7,422,5,423,5,424,5,0,0,0,0,0,0 //TK_SEVENWIND#Warm Wind#
4316,426,5,0,0,0,0,0,0,0,0,0,0,0,0 //TK_HIGHJUMP#High Jump#
4316,493,1,424,5,0,0,0,0,0,0,0,0,0,0 //TK_MISSION#Taekwon Mission#
4316,427,3,0,0,0,0,0,0,0,0,0,0,0,0 //SG_FEEL#Feeling the Sun, Moon and Stars#
4316,428,3,427,1,0,0,0,0,0,0,0,0,0,0 //SG_SUN_WARM#Warmth of the Sun#
4316,429,3,427,2,0,0,0,0,0,0,0,0,0,0 //SG_MOON_WARM#Warmth of the Moon#
4316,430,3,427,3,0,0,0,0,0,0,0,0,0,0 //SG_STAR_WARM#Warmth of the Star#
4316,431,4,427,1,0,0,0,0,0,0,0,0,0,0 //SG_SUN_COMFORT#Comfort of the Sun#
4316,432,4,427,2,0,0,0,0,0,0,0,0,0,0 //SG_MOON_COMFORT#Comfort of the Moon#
4316,433,4,427,3,0,0,0,0,0,0,0,0,0,0 //SG_STAR_COMFORT#Comfort of the Star#
4316,434,3,0,0,0,0,0,0,0,0,0,0,0,0 //SG_HATE#Hatred of the Sun, Moon and Stars#
4316,435,3,434,1,0,0,0,0,0,0,0,0,0,0 //SG_SUN_ANGER#Sun's Wrath#
4316,436,3,434,2,0,0,0,0,0,0,0,0,0,0 //SG_MOON_ANGER#Moon's Wrath#
4316,437,3,434,3,0,0,0,0,0,0,0,0,0,0 //SG_STAR_ANGER#Stars's Wrath#
4316,438,5,427,1,434,1,0,0,0,0,0,0,0,0 //SG_SUN_BLESS#Blessing of the Sun#
4316,439,5,427,2,434,2,0,0,0,0,0,0,0,0 //SG_MOON_BLESS#Blessing of the Moon#
4316,440,5,427,3,434,3,0,0,0,0,0,0,0,0 //SG_STAR_BLESS#Blessing of the Star#
4316,441,10,0,0,0,0,0,0,0,0,0,0,0,0 //SG_DEVIL#Demon of the Sun, Moon and Stars#
4316,442,3,0,0,0,0,0,0,0,0,0,0,0,0 //SG_FRIEND#Friend of the Sun, Moon and Stars#
4316,443,10,0,0,0,0,0,0,0,0,0,0,0,0 //SG_KNOWLEDGE#Knowledge of the Sun, Moon and Stars#
4316,444,1,443,9,0,0,0,0,0,0,0,0,0,0 //SG_FUSION#Union of the Sun, Moon and Stars#
4316,2574,5,2576,3,0,0,0,0,0,0,0,0,0,0 //SJ_LIGHTOFMOON##
4316,2575,3,2588,1,0,0,0,0,0,0,0,0,0,0 //SJ_LUNARSTANCE##
4316,2576,10,2579,7,0,0,0,0,0,0,0,0,0,0 //SJ_FULLMOONKICK##
4316,2577,5,2584,3,0,0,0,0,0,0,0,0,0,0 //SJ_LIGHTOFSTAR##
4316,2578,3,2588,1,0,0,0,0,0,0,0,0,0,0 //SJ_STARSTANCE##
4316,2579,7,2575,1,0,0,0,0,0,0,0,0,0,0 //SJ_NEWMOONKICK##
4316,2580,7,2578,1,0,0,0,0,0,0,0,0,0,0 //SJ_FLASHKICK##
4316,2581,5,2582,5,2583,3,0,0,0,0,0,0,0,0 //SJ_STAREMPEROR##
4316,2582,5,2583,1,0,0,0,0,0,0,0,0,0,0 //SJ_NOVAEXPLOSING##
4316,2583,3,2575,3,2578,3,2591,3,0,0,0,0,0,0 //SJ_UNIVERSESTANCE##
4316,2584,10,2580,7,0,0,0,0,0,0,0,0,0,0 //SJ_FALLINGSTAR##
4316,2585,1,2583,1,0,0,0,0,0,0,0,0,0,0 //SJ_GRAVITYCONTROL##
4316,2586,5,2581,3,2588,3,0,0,0,0,0,0,0,0 //SJ_BOOKOFDIMENSION##
4316,2587,5,2581,3,2588,3,0,0,0,0,0,0,0,0 //SJ_BOOKOFCREATINGSTAR##
4316,2588,3,427,3,434,3,0,0,0,0,0,0,0,0 //SJ_DOCUMENT##
4316,2589,1,441,10,0,0,0,0,0,0,0,0,0,0 //SJ_PURIFY##
4316,2590,5,2592,3,0,0,0,0,0,0,0,0,0,0 //SJ_LIGHTOFSUN##
4316,2591,3,2588,1,0,0,0,0,0,0,0,0,0,0 //SJ_SUNSTANCE##
4316,2592,10,2593,7,0,0,0,0,0,0,0,0,0,0 //SJ_SOLARBURST##
4316,2593,7,2591,1,0,0,0,0,0,0,0,0,0,0 //SJ_PROMINENCEKICK##
4316,410,1,0,0,0,0,0,0,0,0,0,0,0,0 //WE_CALLBABY#Call Baby#
4316,5463,10,0,0,0,0,0,0,0,0,0,0,0,0 //SKE_SKY_MASTERY##
4316,5464,10,0,0,0,0,0,0,0,0,0,0,0,0 //SKE_WAR_BOOK_MASTERY##
4316,5465,5,5463,1,0,0,0,0,0,0,0,0,0,0 //SKE_RISING_SUN##
4316,5466,5,5463,3,5465,1,0,0,0,0,0,0,0,0 //SKE_NOON_BLAST##
4316,5467,5,5463,5,5466,1,0,0,0,0,0,0,0,0 //SKE_SUNSET_BLAST##
4316,5468,5,5463,1,0,0,0,0,0,0,0,0,0,0 //SKE_RISING_MOON##
4316,5469,5,5463,3,5468,1,0,0,0,0,0,0,0,0 //SKE_MIDNIGHT_KICK##
4316,5470,5,5463,5,5469,1,0,0,0,0,0,0,0,0 //SKE_DAWN_BREAK##
4316,5471,5,5463,1,0,0,0,0,0,0,0,0,0,0 //SKE_TWINKLING_GALAXY##
4316,5472,5,5463,3,5471,1,0,0,0,0,0,0,0,0 //SKE_STAR_BURST##
4316,5473,5,5463,5,5472,1,0,0,0,0,0,0,0,0 //SKE_STAR_CANNON##
4316,5474,10,5464,5,5465,1,5468,1,0,0,0,0,0,0 //SKE_ALL_IN_THE_SKY##
4316,5475,10,5463,5,0,0,0,0,0,0,0,0,0,0 //SKE_ENCHANTING_SKY##
